# Z (mm) 	 Energy Deposition (MeV)
0.35	0
1.05	0
1.75	0
2.45	0
3.15	0
3.85	0
4.55	0
5.25	0
5.95	0
6.65	0
7.35	0
8.05	0
8.75	0
9.45	0
10.15	0
10.85	0
11.55	0
12.25	0
12.95	0
13.65	0
14.35	0
15.05	0
15.75	0
16.45	0
17.15	0
17.85	0
18.55	0
19.25	0
19.95	0
20.65	0
21.35	0
22.05	0
22.75	0
23.45	0
24.15	0
24.85	0
25.55	0
26.25	0
26.95	0
27.65	0
28.35	0
29.05	0
29.75	0
30.45	0
31.15	0
31.85	0
32.55	0
33.25	0
33.95	0
34.65	0
35.35	0
36.05	0
36.75	0
37.45	0
38.15	0
38.85	0
39.55	0
40.25	0
40.95	0
41.65	0
42.35	0
43.05	0
43.75	0
44.45	0
45.15	0
45.85	0
46.55	0
47.25	0
47.95	0
48.65	0
49.35	0
50.05	0
50.75	0
51.45	0
52.15	0
52.85	0
53.55	0
54.25	0
54.95	0
55.65	0
56.35	0
57.05	0
57.75	0
58.45	0
59.15	0
59.85	0
60.55	0
61.25	0
61.95	0
62.65	0
63.35	0
64.05	0
64.75	0
65.45	0
66.15	0
66.85	0
67.55	0
68.25	0
68.95	0
69.65	0
70.35	0
71.05	0
71.75	0
72.45	0
73.15	0
73.85	0
74.55	0
75.25	0
75.95	0
76.65	0
77.35	0
78.05	0
78.75	0
79.45	0
80.15	0
80.85	0
81.55	0
82.25	0
82.95	0
83.65	0
84.35	0
85.05	0
85.75	0
86.45	0
87.15	0
87.85	0
88.55	0
89.25	0
89.95	0
90.65	0
91.35	0
92.05	0
92.75	0
93.45	0
94.15	0
94.85	0
95.55	0
96.25	0
96.95	0
97.65	0
98.35	0
99.05	0
99.75	2951.29
100.45	3664.32
101.15	3688.16
101.85	3680.32
102.55	3714.01
103.25	3754.22
103.95	3758.23
104.65	3732.22
105.35	3826.16
106.05	3804.17
106.75	3828.36
107.45	3866.35
108.15	3907.81
108.85	3877.86
109.55	3813.88
110.25	3902.32
110.95	3917.07
111.65	3910.66
112.35	3893.63
113.05	3985.63
113.75	3937.73
114.45	3904.53
115.15	4025.84
115.85	3965.47
116.55	3994.07
117.25	3988.47
117.95	4031.47
118.65	3991.56
119.35	3961.63
120.05	4058.89
120.75	4075.69
121.45	4042.57
122.15	4056.53
122.85	4154.92
123.55	4151.63
124.25	4144.2
124.95	4184.54
125.65	4199.46
126.35	4122.17
127.05	4116.7
127.75	4128.61
128.45	4080.71
129.15	4260.47
129.85	4163.39
130.55	4175.03
131.25	4169.68
131.95	4257.91
132.65	4220.94
133.35	4213.05
134.05	4115.24
134.75	4070.96
135.45	4218.96
136.15	4207.04
136.85	4207.92
137.55	4194.32
138.25	4182
138.95	4172.42
139.65	4356.71
140.35	4185.3
141.05	4146.15
141.75	4292.23
142.45	4408.38
143.15	4285.49
143.85	4305.87
144.55	4302.22
145.25	4378.51
145.95	4350.89
146.65	4385.76
147.35	4404.54
148.05	4501.42
148.75	4419.52
149.45	4387.27
150.15	4401.85
150.85	4321.84
151.55	4428.69
152.25	4364.89
152.95	4405.62
153.65	4331.93
154.35	4394.06
155.05	4403.92
155.75	4412
156.45	4446.08
157.15	4490.26
157.85	4542.1
158.55	4363.17
159.25	4425.7
159.95	4465.87
160.65	4485.36
161.35	4411.71
162.05	4502.54
162.75	4579.2
163.45	4630.71
164.15	4619.54
164.85	4489.23
165.55	4583.82
166.25	4553.28
166.95	4652.51
167.65	4584.75
168.35	4586.86
169.05	4647.72
169.75	4643.02
170.45	4692.34
171.15	4630.82
171.85	4690.1
172.55	4574.24
173.25	4610.12
173.95	4597.75
174.65	4764.78
175.35	4677.96
176.05	4694.22
176.75	4741.45
177.45	4680.32
178.15	4733.63
178.85	4647.05
179.55	4713.78
180.25	4719.5
180.95	4719.01
181.65	4634.35
182.35	4648.36
183.05	4603.74
183.75	4708.48
184.45	4726.16
185.15	4676.7
185.85	4640.98
186.55	4760.12
187.25	4758.1
187.95	4726.85
188.65	4821.43
189.35	4844.91
190.05	4893.17
190.75	4993.13
191.45	4935.38
192.15	4834.68
192.85	4817.44
193.55	4857.49
194.25	4887.31
194.95	4869.49
195.65	4814.15
196.35	4812.24
197.05	4940.93
197.75	4851.22
198.45	4904.84
199.15	4875.89
199.85	4807.55
200.55	4848.86
201.25	4912.37
201.95	4989.45
202.65	4890.91
203.35	4932.54
204.05	4910
204.75	4820.72
205.45	4946.44
206.15	4944.2
206.85	4966.15
207.55	4953.44
208.25	4799.51
208.95	4883.07
209.65	4915.43
210.35	4936.43
211.05	4921.85
211.75	4919.99
212.45	4953.34
213.15	4980.59
213.85	5014.6
214.55	4872.24
215.25	4909.48
215.95	4893.28
216.65	4939.06
217.35	5014.63
218.05	5057
218.75	4999.79
219.45	4977
220.15	5130.23
220.85	5168.91
221.55	5115.96
222.25	5001.86
222.95	5077.34
223.65	5093.01
224.35	5157.05
225.05	5057.56
225.75	5125.87
226.45	5332.33
227.15	5192.37
227.85	5244.11
228.55	5225.7
229.25	5186.05
229.95	5220.62
230.65	5249.34
231.35	5197
232.05	5079.6
232.75	5158.45
233.45	5214.73
234.15	5282.74
234.85	5168.86
235.55	5265.5
236.25	5156.21
236.95	5191.83
237.65	5224.26
238.35	5169.58
239.05	5229.13
239.75	5174.58
240.45	5294.14
241.15	5203.69
241.85	5365.83
242.55	5298.42
243.25	5280.73
243.95	5208.98
244.65	5254.26
245.35	5383.57
246.05	5354.57
246.75	5317.21
247.45	5355.3
248.15	5364.83
248.85	5369.31
249.55	5407.06
250.25	5408.79
250.95	5483.33
251.65	5521.29
252.35	5508.32
253.05	5485.59
253.75	5440.99
254.45	5322.93
255.15	5422.57
255.85	5353.29
256.55	5505.07
257.25	5598.7
257.95	5402.15
258.65	5499.98
259.35	5376.8
260.05	5551.98
260.75	5473.19
261.45	5560.84
262.15	5652.36
262.85	5508.29
263.55	5644.51
264.25	5577.25
264.95	5513.69
265.65	5698.89
266.35	5655.38
267.05	5647.05
267.75	5718.7
268.45	5709.02
269.15	5626.68
269.85	5674.93
270.55	5726.58
271.25	5719.75
271.95	5669.74
272.65	5735.8
273.35	5631.39
274.05	5710.59
274.75	5754.03
275.45	5789.78
276.15	5735.2
276.85	5741.69
277.55	5747.55
278.25	5788.48
278.95	5789.28
279.65	5816.08
280.35	5839.54
281.05	5921.34
281.75	5914.97
282.45	5874.92
283.15	5958.77
283.85	5926.48
284.55	5928.5
285.25	6032.14
285.95	6101.01
286.65	6040.4
287.35	6022.88
288.05	6055.41
288.75	6049.9
289.45	6085.91
290.15	6116.38
290.85	6229.55
291.55	6147.79
292.25	6210.52
292.95	6249.99
293.65	6278.1
294.35	6252.03
295.05	6268.33
295.75	6299.77
296.45	6220.36
297.15	6374.06
297.85	6374.96
298.55	6431.91
299.25	6332.02
299.95	6272.06
300.65	6311.7
301.35	6482.9
302.05	6584.98
302.75	6466.08
303.45	6541.21
304.15	6618.08
304.85	6548.79
305.55	6582.14
306.25	6570.43
306.95	6532.95
307.65	6682.44
308.35	6674.04
309.05	6661.04
309.75	6701.76
310.45	6723.1
311.15	6772.62
311.85	6724.28
312.55	6876.13
313.25	6892.78
313.95	6888.85
314.65	6950
315.35	7077.49
316.05	7098.47
316.75	7133.01
317.45	7071.3
318.15	7184.91
318.85	7188.95
319.55	7348.04
320.25	7292.23
320.95	7376.17
321.65	7431.28
322.35	7467.54
323.05	7467.81
323.75	7459.68
324.45	7725.56
325.15	7577.61
325.85	7664.01
326.55	7708.32
327.25	7813.02
327.95	7872.16
328.65	7845.47
329.35	8035.96
330.05	8101.91
330.75	8109.83
331.45	8333.99
332.15	8224.52
332.85	8323.34
333.55	8304.81
334.25	8446.65
334.95	8478.41
335.65	8646.3
336.35	8774.21
337.05	8831.46
337.75	9020.37
338.45	9074.16
339.15	9346.61
339.85	9254.93
340.55	9387.04
341.25	9644.61
341.95	9674.58
342.65	9712.74
343.35	10027.8
344.05	10200.9
344.75	10284
345.45	10622.7
346.15	10804.1
346.85	10922.5
347.55	11263
348.25	11611.6
348.95	11992.9
349.65	12279.3
350.35	12697.1
351.05	13222.8
351.75	13668.3
352.45	14358.3
353.15	15031.7
353.85	15709
354.55	16808.7
355.25	17730.2
355.95	18472
356.65	19331.9
357.35	19772.8
358.05	20262.8
358.75	20076.6
359.45	18978.5
360.15	17532.9
360.85	15634
361.55	13292.2
362.25	11049
362.95	8087.39
363.65	5712.98
364.35	4027.18
365.05	2613.16
365.75	1569.32
366.45	880.126
367.15	412.02
367.85	193.6
368.55	119.628
369.25	135.43
369.95	48.8944
370.65	37.1873
371.35	33.862
372.05	46.5713
372.75	31.3382
373.45	7.16667
374.15	12.0338
374.85	4.14798
375.55	13.8725
376.25	22.3031
376.95	20.3303
377.65	31.3769
378.35	6.84105
379.05	7.41751
379.75	20.5596
380.45	20.3937
381.15	11.3937
381.85	13.3185
382.55	21.9527
383.25	29.7991
383.95	45.1967
384.65	37.8129
385.35	46.7334
386.05	45.0208
386.75	20.9725
387.45	22.97
388.15	23.9525
388.85	24.8074
389.55	19.0682
390.25	10.4208
390.95	19.0839
391.65	18.4629
392.35	9.90036
393.05	19.6895
393.75	24.3667
394.45	26.7384
395.15	25.7527
395.85	13.0954
396.55	15.5692
397.25	22.7803
397.95	16.8266
398.65	24.3532
399.35	34.2273
400.05	28.5881
400.75	8.47656
401.45	19.9656
402.15	33.4653
402.85	6.24709
403.55	9.58159
404.25	0.538938
404.95	4.76258
405.65	3.45387
406.35	3.94736
407.05	12.1708
407.75	1.73714
408.45	14.6023
409.15	48.2545
409.85	9.18248
410.55	1.06287
411.25	25.6195
411.95	15.1651
412.65	7.50606
413.35	10.4407
414.05	28.182
414.75	18.4902
415.45	18.7985
416.15	6.68822
416.85	17.9149
417.55	16.409
418.25	15.5396
418.95	15.0699
419.65	9.87263
420.35	12.2924
421.05	3.63975
421.75	7.12847
422.45	5.30135
423.15	27.0701
423.85	13.5777
424.55	11.4293
425.25	17.144
425.95	11.8123
426.65	13.1587
427.35	30.2331
428.05	17.8926
428.75	20.6029
429.45	13.7662
430.15	12.0712
430.85	9.42538
431.55	7.87539
432.25	5.38148
432.95	11.5621
433.65	6.39302
434.35	10.3167
435.05	17.3582
435.75	10.3266
436.45	21.5222
437.15	21.6943
437.85	26.8212
438.55	18.0099
439.25	12.6668
439.95	27.7331
440.65	15.0148
441.35	5.83747
442.05	15.5542
442.75	13.2003
443.45	6.93078
444.15	14.3403
444.85	14.2505
445.55	5.1838
446.25	3.59166
446.95	15.234
447.65	11.1615
448.35	25.6735
449.05	8.43034
449.75	12.6056
450.45	10.7816
451.15	14.1013
451.85	4.93562
452.55	19.7836
453.25	6.31746
453.95	2.81742
454.65	14.1682
455.35	4.57413
456.05	3.62685
456.75	5.28097
457.45	5.52695
458.15	4.20831
458.85	6.31968
459.55	15.4449
460.25	7.50934
460.95	9.54193
461.65	5.68997
462.35	5.01364
463.05	6.10945
463.75	7.3749
464.45	9.71601
465.15	8.95093
465.85	10.0674
466.55	7.08733
467.25	19.7304
467.95	8.67667
468.65	11.3954
469.35	10.2062
470.05	7.96731
470.75	31.6522
471.45	33.7163
472.15	28.3948
472.85	38.3461
473.55	29.6954
474.25	17.1748
474.95	20.9476
475.65	27.1524
476.35	12.0257
477.05	4.79144
477.75	7.30642
478.45	7.84394
479.15	4.58155
479.85	3.87035
480.55	5.02064
481.25	4.79874
481.95	6.24448
482.65	5.70211
483.35	22.7028
484.05	31.0218
484.75	9.02665
485.45	10.0469
486.15	11.0409
486.85	23.1464
487.55	12.9055
488.25	3.1402
488.95	2.81195
489.65	5.44998
490.35	7.02791
491.05	8.04822
491.75	14.132
492.45	18.0605
493.15	16.2559
493.85	19.149
494.55	25.2181
495.25	41.3095
495.95	17.3047
496.65	14.6226
497.35	20.3475
498.05	12.6777
498.75	16.2465
499.45	3.86503
500.15	10.0783
500.85	23.2666
501.55	8.50757
502.25	1.98373
502.95	4.02635
503.65	5.78935
504.35	4.97314
505.05	4.73096
505.75	6.16573
506.45	5.4811
507.15	4.79851
507.85	6.77372
508.55	7.10849
509.25	8.68852
509.95	14.1363
510.65	9.45295
511.35	11.9478
512.05	9.89443
512.75	12.0969
513.45	21.136
514.15	17.1322
514.85	61.2846
515.55	12.0829
516.25	13.9986
516.95	19.4758
517.65	29.5126
518.35	20.2173
519.05	24.1002
519.75	36.3462
520.45	27.5259
521.15	13.2552
521.85	14.7227
522.55	9.17954
523.25	5.45585
523.95	21.5029
524.65	25.7529
525.35	18.4114
526.05	13.9931
526.75	14.5637
527.45	16.3127
528.15	18.0784
528.85	17.7338
529.55	5.70537
530.25	2.34431
530.95	3.26846
531.65	4.99855
532.35	6.34094
533.05	15.1213
533.75	7.64532
534.45	6.0524
535.15	8.88084
535.85	16.0186
536.55	20.6168
537.25	7.50272
537.95	20.2844
538.65	9.8742
539.35	8.34956
540.05	1.16224
540.75	6.31824
541.45	1.31844
542.15	1.36997
542.85	1.45786
543.55	3.64752
544.25	1.64579
544.95	1.6257
545.65	1.16402
546.35	1.88994
547.05	1.35025
547.75	2.17792
548.45	1.90172
549.15	3.9391
549.85	2.37383
550.55	1.85361
551.25	17.3746
551.95	8.02728
552.65	9.28943
553.35	11.294
554.05	15.6517
554.75	18.2573
555.45	4.42114
556.15	2.13443
556.85	1.90127
557.55	6.52616
558.25	1.60155
558.95	2.22354
559.65	8.16389
560.35	2.55701
561.05	1.66215
561.75	1.86761
562.45	2.66301
563.15	1.68618
563.85	2.57518
564.55	5.35672
565.25	19.7447
565.95	30.6226
566.65	6.69797
567.35	8.05205
568.05	10.1429
568.75	10.7507
569.45	13.1286
570.15	11.6885
570.85	8.34472
571.55	16.2814
572.25	12.3661
572.95	11.8316
573.65	0.275291
574.35	0.525186
575.05	4.04293
575.75	5.48622
576.45	0.458961
577.15	0.370351
577.85	1.13606
578.55	0.102728
579.25	0.495883
579.95	1.66911
580.65	11.3527
581.35	10.6025
582.05	2.02471
582.75	0.483547
583.45	1.01633
584.15	3.63859
584.85	8.00891
585.55	3.5238
586.25	3.88537
586.95	4.34611
587.65	4.22764
588.35	5.68133
589.05	23.1358
589.75	2.20099
590.45	0.566036
591.15	5.19485
591.85	0.326189
592.55	0.792394
593.25	0.22334
593.95	0.922212
594.65	0.0647627
595.35	0.674683
596.05	6.57033
596.75	0.897592
597.45	0.671471
598.15	2.47925
598.85	0.683029
599.55	0.515315
600.25	0
600.95	0
601.65	0
602.35	0
603.05	0
603.75	0
604.45	0
605.15	0
605.85	0
606.55	0
607.25	0
607.95	0
608.65	0
609.35	0
610.05	0
610.75	0
611.45	0
612.15	0
612.85	0
613.55	0
614.25	0
614.95	0
615.65	0
616.35	0
617.05	0
617.75	0
618.45	0
619.15	0
619.85	0
620.55	0
621.25	0
621.95	0
622.65	0
623.35	0
624.05	0
624.75	0
625.45	0
626.15	0
626.85	0
627.55	0
628.25	0
628.95	0
629.65	0
630.35	0
631.05	0
631.75	0
632.45	0
633.15	0
633.85	0
634.55	0
635.25	0
635.95	0
636.65	0
637.35	0
638.05	0
638.75	0
639.45	0
640.15	0
640.85	0
641.55	0
642.25	0
642.95	0
643.65	0
644.35	0
645.05	0
645.75	0
646.45	0
647.15	0
647.85	0
648.55	0
649.25	0
649.95	0
650.65	0
651.35	0
652.05	0
652.75	0
653.45	0
654.15	0
654.85	0
655.55	0
656.25	0
656.95	0
657.65	0
658.35	0
659.05	0
659.75	0
660.45	0
661.15	0
661.85	0
662.55	0
663.25	0
663.95	0
664.65	0
665.35	0
666.05	0
666.75	0
667.45	0
668.15	0
668.85	0
669.55	0
670.25	0
670.95	0
671.65	0
672.35	0
673.05	0
673.75	0
674.45	0
675.15	0
675.85	0
676.55	0
677.25	0
677.95	0
678.65	0
679.35	0
680.05	0
680.75	0
681.45	0
682.15	0
682.85	0
683.55	0
684.25	0
684.95	0
685.65	0
686.35	0
687.05	0
687.75	0
688.45	0
689.15	0
689.85	0
690.55	0
691.25	0
691.95	0
692.65	0
693.35	0
694.05	0
694.75	0
695.45	0
696.15	0
696.85	0
697.55	0
698.25	0
698.95	0
699.65	0
